[2024-10-14 14:43:59,138] [INFO] [real_accelerator.py:158:get_accelerator] Setting ds_accelerator to cuda (auto detect)
Output to alpaca/ess-llama-2-chat-70b-fp16-temperature-0.0.jsonl
Check model training state: False
CUDA VISIBLE DEVICES: 1
Warmup done
0.008584813888256366
0.009090453079066326
0.007224235534667969
0.008853238116028488
0.007863479067188825
0.00801095541785745
0.00836116940010595
0.0061898783827380325
0.007717051781898688
0.007863097720675997
0.008271187543869019
0.007860428946358817
0.006867621318403497
0.0068865719191524965
0.009514616496527373
0.007908959793888665
0.008194780349731446
0.007532984018325806
0.006372753231004737
0.007247231472497699
0.006561132011266289
0.008800633137042706
0.008096034816234787
0.008256684859286864
0.00681309042305782
0.0067306458950042725
0.006385161609723301
0.007169420482548139
0.007589716970184703
0.009392340674655128
0.00786696083244236
0.007791000500059964
0.006818214039893667
0.007731096561138446
0.00760595176530921
0.006782999370088909
0.008869281181922326
0.006299727492862278
0.006618857383728027
0.008559829887302443
0.0075453054950964495
0.006535029226495314
0.008828702839938076
0.007786685435468166
0.008461006884445012
0.007489377886404787
0.009554425569681021
0.007241728704727114
0.007770999883994078
0.00764242220481546
0.007289621463188759
0.008903125844576943
0.007990962775178658
0.007712508917782557
0.007947225978866162
0.0063628416794997
0.008772109945615133
0.007268431030701254
0.007197320207636407
0.00816710190203205
0.006917686462402344
0.007881187137804533
0.00713099479675293
0.008529650198446738
0.007077667448255751
0.007468383924096032
0.007520346107630195
0.00748910353733943
0.007386700066820535
0.007697374656282622
0.007890816360827118
0.007833839061871246
0.008414093383961478
0.008910677791420931
0.006323700285143425
0.008858641711148349
0.008206574313611869
0.006458024570450245
0.008634196836396126
0.0069381480993226516
