[2024-10-14 14:38:04,160] [INFO] [real_accelerator.py:158:get_accelerator] Setting ds_accelerator to cuda (auto detect)
Output to mt_bench/ess-llama-2-chat-70b-fp16-temperature-0.0.jsonl
Check model training state: False
CUDA VISIBLE DEVICES: 1
Warmup done
0.009465995929584428
0.05268275737762451
0.01180548800362481
0.01349190870920817
0.01115683423794382
0.033319937555413494
0.014803577656946877
0.019070451909845524
0.009114577788715215
0.10420370101928711
0.00777162345190012
0.01275843872136368
0.02259210837903873
0.10393548011779785
0.03576494283713255
0.10355973243713379
0.0126112699508667
0.0158622120365952
0.02137864478910812
0.10446643829345703
0.02852969740348433
0.02454921361562368
0.015054649138546374
0.10359764099121094
0.019552426315596883
0.04484968526022775
0.022488257735247773
0.10518574714660645
0.028171482293502144
0.03953602439478824
0.029313348448325578
0.05339169502258301
0.014686541786360429
0.05211782455444336
0.0321289741575486
0.10603189468383789
0.03435998552300957
0.0306609667740859
0.01532148557995993
0.10522150993347168
0.01725129664170878
0.10236310958862305
0.012163094241356216
0.0075628264592244076
0.0320399311872629
0.02549803756668182
0.01666273276011149
0.00842166152493707
0.02494871275765555
0.029108142852783202
0.04514282941818237
0.03046281393184218
0.01842902977642846
0.10657501220703125
0.008279399688427265
0.021138223837006767
0.028813584327697754
0.10260176658630371
0.02085833160244689
0.053617000579833984
0.011050495990487031
0.01707735866185569
0.03375850825670706
0.10648393630981445
0.024509013208568606
0.10472559928894043
0.014921749555147612
0.009232334657148882
0.012746735893446824
0.008038058709562495
0.010528181704524834
0.014022996917309
0.012632754990099006
0.027409655707223073
0.03154570490469728
0.10169029235839844
0.01346435789334572
0.01350370513068305
0.0082293424569784
0.10553193092346191
0.01216706519818488
