[2024-10-14 15:08:35,746] [INFO] [real_accelerator.py:158:get_accelerator] Setting ds_accelerator to cuda (auto detect)
Output to mt_bench/ess-llama-2-chat-70b-fp16-temperature-0.0.jsonl
Check model training state: False
CUDA VISIBLE DEVICES: 7
Warmup done
0.022316781125327412
0.05257976055145264
0.02706567602833425
0.028705596923828125
0.02462073014332698
0.026438440322875977
0.03015921823680401
0.029566097259521484
0.025815640637313078
0.03064689040184021
0.026536425878835278
0.04021361470222473
0.02905974369640498
0.02928500175476074
0.025458407127994232
0.020980324063982283
0.01440149066091954
0.02575218677520752
0.02235827421901202
0.03008408546447754
0.027118306751399077
0.03071762386121248
0.027228211584361457
0.050613085428873696
0.024792139870779856
0.024860620498657227
0.025637442625842048
0.023759007453918457
0.018246034781138103
0.03959155082702637
0.02805859410032934
0.019810123877091843
0.026193504839871838
0.07814991474151611
0.02895087954599106
0.05012679100036621
0.02456670654326332
0.13453030586242676
0.02670036304381586
0.04994593726264106
0.02609603493301957
0.031801926123129355
0.0248915431011154
0.01822849726065611
0.02508506259402713
0.05383586883544922
0.015232483545939127
0.07315468788146973
0.027479113851274762
0.029955482482910155
0.027673066975261673
0.021264382771083286
0.025679385015206745
0.02089803559439523
0.014206002686769907
0.021134069987705777
0.023254351786883228
0.07686388492584229
0.03285077072325207
0.030572207077689793
0.0158736024584089
0.01721644401550293
0.01952514099696326
0.02986154556274414
0.01748985026745086
0.0765608549118042
0.037441299119348195
0.02590904956640199
0.01824317528651311
0.030061054229736327
0.0190767264457498
0.022174528666904995
0.013976445564856896
0.02596016724904378
0.0246063705576893
0.02121870858328683
0.02524743142066064
0.020950794219970703
0.012898328671088586
0.07264089584350586
0.023251718120352302
0.029264794021356302
0.024702983744004193
0.027765089465725805
